0 Clock_Tower 5 78.0322 30.3255 0
1 G1 0 78.0310 30.3220 1
2 G2 0 78.0298 30.3195 1
3 Railway_Station 5 78.0296 30.3174 0
4 G3 0 78.0260 30.3160 1
5 G4 0 78.0230 30.3148 1
6 Pacific_Mall 5 78.0192 30.3135 0
7 G5 0 78.0140 30.3060 1
8 ISBT 3 77.9985 30.2879 0
9 G6 0 78.0335 30.3295 1
10 G7 0 78.0370 30.3340 1
11 G8 0 78.0420 30.3400 1
12 Ballupur 3 78.0470 30.3450 0
13 G9 0 78.0500 30.3490 1
14 G10 0 78.0540 30.3540 1
15 Rajpur_Road 3 78.0617 30.3765 0
16 G11 0 78.0310 30.3200 1
17 G12 0 78.0295 30.3180 1
18 G13 0 78.0215 30.3115 1
19 G14 0 78.0200 30.3100 1
20 G15 0 78.0195 30.3085 1
21 Prem_Nagar 2 78.0255 30.3012 0
22 G16 0 78.0485 30.3435 1
23 G17 0 78.0476 30.3442 1
24 ONGC 3 78.0500 30.3162 0
25 G18 0 78.0490 30.3170 1
26 G19 0 78.0470 30.3180 1
27 Clement_Town 3 77.9963 30.2760 0
28 G20 0 77.9980 30.2800 1
29 G21 0 77.9982 30.2840 1
30 Prince_Chowk 3 78.0353 30.3242 0
31 G22 0 78.0340 30.3248 1
32 G23 0 78.0330 30.3250 1
33 Jakhan 3 78.0620 30.3635 0
34 G24 0 78.0618 30.3600 1
35 G25 0 78.0617 30.3570 1
36 Mussoorie_Diversion 2 78.0690 30.3850 0
37 G26 0 78.0665 30.3780 1
38 G27 0 78.0645 30.3710 1
39 Sahastradhara 2 78.1147 30.4008 0
40 G28 0 78.1050 30.3940 1
41 G29 0 78.0950 30.3880 1
42 IT_Park 3 78.0647 30.3492 0
43 G30 0 78.0640 30.3520 1
44 G31 0 78.0632 30.3555 1
45 Parade_Ground 3 78.0368 30.3262 0
46 G32 0 78.0355 30.3255 1
47 G33 0 78.0345 30.3250 1
48 DIT_University 2 78.0670 30.4055 0
49 G34 0 78.0660 30.3985 1
50 G35 0 78.0655 30.3920 1
51 Graphic_Era 3 77.9965 30.2668 0
52 G36 0 77.9970 30.2700 1
53 G37 0 77.9975 30.2730 1
54 Subhash_Nagar 2 78.0155 30.3080 0
55 G38 0 78.0170 30.3100 1
56 Araghar 2 78.0280 30.3215 0
57 G39 0 78.0285 30.3200 1
58 G40 0 78.0290 30.3188 1
59 Canal_Road 2 78.0550 30.3480 0
60 G41 0 78.0530 30.3465 1
61 G42 0 78.0510 30.3455 1
62 Doon_Hospital 3 78.0340 30.3268 0
63 G43 0 78.0338 30.3264 1
64 G44 0 78.0335 30.3260 1
65 Rispana 2 78.0460 30.2960 0
66 G45 0 78.0290 30.2930 1
67 G46 0 78.0170 30.2905 1
68 Fountain_Chowk 3 78.0338 30.3260 0
69 G47 0 78.0332 30.3258 1
70 G48 0 78.0328 30.3256 1